2 0.525155 0.414517 0.053212 0.073580
2 0.361649 0.411271 0.051277 0.084401
2 0.687693 0.419927 0.049342 0.074302
2 0.272397 0.212171 0.052728 0.090172
2 0.449690 0.226599 0.055147 0.081515
2 0.899816 0.438683 0.052728 0.087286
2 0.893769 0.240665 0.051277 0.072138
2 0.444611 0.638143 0.048858 0.082237
2 0.285217 0.652210 0.046440 0.078630
2 0.597717 0.408025 0.048375 0.075023
2 0.704866 0.645357 0.063371 0.099550
2 0.787418 0.639226 0.052390 0.093057
2 0.184356 0.225156 0.053696 0.090172
2 0.770656 0.420288 0.065306 0.082237
2 0.178793 0.398647 0.073529 0.086565
2 0.773075 0.230566 0.051761 0.093779
2 0.537490 0.653292 0.067241 0.095222
2 0.451625 0.419206 0.051277 0.080073
2 0.593847 0.227320 0.056115 0.093057
2 0.273607 0.402975 0.057082 0.085122