2 0.635449 0.208564 0.059985 0.087286
2 0.364551 0.396843 0.051277 0.084401
2 0.648510 0.414878 0.063854 0.107485
2 0.241921 0.208564 0.052728 0.090172
2 0.464687 0.201350 0.055147 0.081515
2 0.835962 0.427862 0.052728 0.087286
2 0.828705 0.207482 0.061436 0.085122
2 0.466380 0.595582 0.048858 0.082237
2 0.253773 0.588729 0.046440 0.078630
2 0.557082 0.417402 0.058050 0.090893
2 0.665199 0.613617 0.063371 0.099550
2 0.745332 0.623355 0.052390 0.093057
2 0.148075 0.222992 0.053696 0.090172
2 0.755660 0.415238 0.065306 0.082237
2 0.121711 0.453471 0.073529 0.086565
2 0.748404 0.216139 0.051761 0.093779
2 0.562645 0.615059 0.067241 0.095222
2 0.475329 0.414878 0.051277 0.080073
2 0.554421 0.209286 0.061436 0.103157
2 0.241680 0.415960 0.057082 0.085122