2 0.656734 0.189448 0.053212 0.073580
2 0.381966 0.400450 0.051277 0.084401
2 0.672697 0.396122 0.063854 0.107485
2 0.268527 0.195579 0.052728 0.090172
2 0.476296 0.200629 0.055147 0.081515
2 0.856279 0.401893 0.052728 0.087286
2 0.850958 0.194497 0.061436 0.085122
2 0.479441 0.566006 0.048858 0.082237
2 0.273123 0.578630 0.046440 0.078630
2 0.576432 0.395040 0.058050 0.090893
2 0.671972 0.587647 0.063371 0.099550
2 0.757909 0.589451 0.052390 0.093057
2 0.162587 0.190530 0.053696 0.090172
2 0.760014 0.401532 0.065306 0.082237
2 0.172988 0.374841 0.073529 0.086565
2 0.760981 0.191612 0.051761 0.093779
2 0.578609 0.570334 0.067241 0.095222
2 0.472910 0.386023 0.051277 0.080073
2 0.576916 0.191973 0.056115 0.093057
2 0.277477 0.394318 0.057082 0.085122