2 0.612713 0.486655 0.053212 0.073580
2 0.534104 0.365463 0.072078 0.095222
2 0.531202 0.747432 0.043053 0.065645
2 0.435178 0.728315 0.063854 0.096664
2 0.429857 0.385301 0.054180 0.080073
2 0.812016 0.919480 0.049342 0.070695
2 0.554180 0.881247 0.051277 0.072138
2 0.873210 0.759335 0.048858 0.082237
2 0.293924 0.412714 0.046440 0.078630
2 0.710671 0.667720 0.059501 0.085122
2 0.807179 0.253289 0.069659 0.077187
2 0.611262 0.257257 0.061920 0.086565
2 0.554663 0.639586 0.062887 0.070695
2 0.458640 0.861770 0.065306 0.082237
2 0.331656 0.836522 0.073529 0.086565
2 0.431792 0.559874 0.051277 0.071416
2 0.706560 0.411631 0.065789 0.083680
2 0.636900 0.769795 0.051277 0.080073
2 0.805728 0.401172 0.056115 0.093057
2 0.433001 0.256896 0.063371 0.077187