2 0.609810 0.220828 0.059985 0.087286
2 0.360681 0.384580 0.051277 0.084401
2 0.245550 0.241026 0.082237 0.116142
2 0.452593 0.202793 0.055147 0.081515
2 0.843218 0.381334 0.061436 0.085122
2 0.517173 0.388547 0.048858 0.082237
2 0.159443 0.404057 0.046440 0.078630
2 0.543537 0.211810 0.058050 0.090893
2 0.437355 0.538954 0.053696 0.090172
2 0.254257 0.404418 0.073529 0.086565
2 0.677777 0.218303 0.051761 0.093779
2 0.748887 0.228402 0.067241 0.095222
2 0.361649 0.509378 0.051277 0.080073
2 0.152912 0.238141 0.061436 0.103157
2 0.257643 0.514067 0.057082 0.085122