2 0.674632 0.220828 0.059985 0.087286
2 0.380031 0.454553 0.051277 0.084401
2 0.676084 0.458160 0.063854 0.107485
2 0.276751 0.223713 0.052728 0.090172
2 0.482101 0.222992 0.055147 0.081515
2 0.841767 0.460324 0.052728 0.087286
2 0.866438 0.238501 0.061436 0.085122
2 0.485246 0.654014 0.048858 0.082237
2 0.278928 0.655096 0.046440 0.078630
2 0.581753 0.458521 0.058050 0.090893
2 0.667134 0.651850 0.063371 0.099550
2 0.762747 0.660145 0.052390 0.093057
2 0.161136 0.212892 0.053696 0.090172
2 0.762916 0.439765 0.065306 0.082237
2 0.169118 0.426780 0.073529 0.086565
2 0.775493 0.226959 0.051761 0.093779
2 0.572320 0.646079 0.067241 0.095222
2 0.491776 0.459603 0.051277 0.080073
2 0.566999 0.220828 0.061436 0.103157
2 0.279412 0.440486 0.057082 0.085122