2 0.609327 0.222992 0.059985 0.087286
2 0.378580 0.411271 0.087074 0.137783
2 0.174439 0.226238 0.070627 0.103878
2 0.447272 0.235976 0.055147 0.081515
2 0.842734 0.382776 0.061436 0.085122
2 0.549100 0.406582 0.048858 0.082237
2 0.089783 0.387465 0.046440 0.078630
2 0.535313 0.238501 0.058050 0.090893
2 0.265141 0.216499 0.053696 0.090172
2 0.265383 0.377005 0.073529 0.086565
2 0.687935 0.216139 0.051761 0.093779
2 0.767995 0.226959 0.077399 0.122634
2 0.078173 0.502164 0.051277 0.080073
2 0.101635 0.219385 0.061436 0.103157
2 0.277477 0.529937 0.057082 0.085122