2 0.300213 0.307032 0.053212 0.073580
2 0.482343 0.424616 0.072078 0.095222
2 0.476538 0.679623 0.043053 0.065645
2 0.373259 0.579712 0.063854 0.096664
2 0.368421 0.178988 0.054180 0.080073
2 0.162345 0.102161 0.049342 0.070695
2 0.293924 0.090619 0.051277 0.072138
2 0.073578 0.209646 0.073046 0.113977
2 0.102119 0.861770 0.078851 0.111092
2 0.651171 0.652571 0.059501 0.085122
2 0.671246 0.425338 0.081269 0.095222
2 0.642705 0.197383 0.061920 0.086565
2 0.544988 0.555907 0.062887 0.070695
2 0.361890 0.734808 0.065306 0.082237
2 0.278444 0.845178 0.073529 0.086565
2 0.088332 0.556267 0.051277 0.071416
2 0.092686 0.325788 0.065789 0.083680
2 0.661571 0.808027 0.051277 0.080073
2 0.831366 0.434355 0.056115 0.093057
2 0.394785 0.331198 0.063371 0.077187