2 0.651413 0.556628 0.053212 0.073580
2 0.508707 0.411631 0.079334 0.112535
2 0.501935 0.844818 0.049342 0.074302
2 0.410991 0.696575 0.063854 0.096664
2 0.412200 0.395401 0.080786 0.123355
2 0.755418 0.847342 0.049342 0.070695
2 0.588526 0.864655 0.051277 0.072138
2 0.902235 0.617224 0.048858 0.082237
2 0.314241 0.536069 0.046440 0.078630
2 0.752757 0.693689 0.059501 0.085122
2 0.809114 0.241026 0.069659 0.077187
2 0.650929 0.233812 0.071594 0.110370
2 0.579334 0.554464 0.062887 0.070695
2 0.401074 0.839407 0.065306 0.082237
2 0.307469 0.850949 0.073529 0.086565
2 0.420666 0.551218 0.051277 0.071416
2 0.741873 0.559153 0.085139 0.101714
2 0.659636 0.858524 0.051277 0.080073
2 0.815402 0.403336 0.056115 0.093057
2 0.393818 0.241387 0.072078 0.105321