2 0.582721 0.327952 0.053212 0.073580
2 0.454044 0.320377 0.051277 0.084401
2 0.791215 0.336248 0.049342 0.074302
2 0.320288 0.176102 0.052728 0.090172
2 0.593363 0.184759 0.055147 0.081515
2 0.790490 0.571416 0.052728 0.087286
2 0.722039 0.326509 0.051277 0.072138
2 0.408330 0.581876 0.048858 0.082237
2 0.342299 0.599550 0.046440 0.078630
2 0.659636 0.314967 0.048375 0.075023
2 0.890625 0.308475 0.063371 0.099550
2 0.715412 0.814520 0.071594 0.110370
2 0.258369 0.166724 0.053696 0.090172
2 0.722281 0.449143 0.065306 0.082237
2 0.325851 0.317853 0.073529 0.086565
2 0.731956 0.169249 0.051761 0.093779
2 0.445095 0.179348 0.067241 0.095222
2 0.283282 0.691886 0.051277 0.080073
2 0.661571 0.176824 0.056115 0.093057
2 0.335526 0.449143 0.057082 0.085122