2 0.610294 0.254011 0.059985 0.087286
2 0.359230 0.243912 0.051277 0.084401
2 0.254983 0.244633 0.052728 0.090172
2 0.452109 0.241747 0.055147 0.081515
2 0.892076 0.297654 0.061436 0.085122
2 0.516689 0.087012 0.048858 0.082237
2 0.170569 0.453111 0.046440 0.078630
2 0.519834 0.245715 0.058050 0.090893
2 0.163555 0.089537 0.053696 0.090172
2 0.260062 0.459964 0.073529 0.086565
2 0.711639 0.252207 0.051761 0.093779
2 0.768721 0.076192 0.067241 0.095222
2 0.346652 0.083045 0.051277 0.080073
2 0.167908 0.256896 0.061436 0.103157
2 0.252322 0.093505 0.057082 0.085122