2 0.544505 0.269520 0.053212 0.073580
2 0.443402 0.290080 0.066757 0.094500
2 0.771865 0.265553 0.049342 0.074302
2 0.218702 0.233812 0.052728 0.090172
2 0.520317 0.136427 0.055147 0.081515
2 0.759046 0.126327 0.052728 0.087286
2 0.687210 0.285391 0.051277 0.072138
2 0.156782 0.580433 0.048858 0.082237
2 0.096556 0.411271 0.046440 0.078630
2 0.622872 0.274570 0.048375 0.075023
2 0.835478 0.282505 0.063371 0.099550
2 0.035749 0.231648 0.071594 0.110370
2 0.194031 0.113343 0.053696 0.090172
2 0.202738 0.697296 0.065306 0.082237
2 0.263932 0.114425 0.073529 0.086565
2 0.681647 0.130295 0.051761 0.093779
2 0.351006 0.129934 0.085139 0.101714
2 0.091718 0.697657 0.051277 0.080073
2 0.604005 0.132098 0.056115 0.093057
2 0.365760 0.270963 0.072078 0.105321