2 0.570627 0.298375 0.053212 0.073580
2 0.429857 0.304507 0.051277 0.084401
2 0.824594 0.308835 0.049342 0.074302
2 0.324158 0.170331 0.052728 0.090172
2 0.567241 0.163117 0.055147 0.081515
2 0.823384 0.508657 0.052728 0.087286
2 0.812500 0.169971 0.051277 0.072138
2 0.392850 0.660506 0.048858 0.082237
2 0.373259 0.529576 0.046440 0.078630
2 0.638351 0.302704 0.048375 0.075023
2 0.881918 0.392154 0.063371 0.099550
2 0.824666 0.669523 0.052390 0.093057
2 0.258369 0.166724 0.053696 0.090172
2 0.752757 0.294769 0.065306 0.082237
2 0.314725 0.294769 0.073529 0.086565
2 0.689387 0.162757 0.051761 0.093779
2 0.441225 0.165642 0.067241 0.095222
2 0.326819 0.662310 0.051277 0.080073
2 0.630128 0.169610 0.056115 0.093057
2 0.335526 0.449143 0.057082 0.085122