1 0.648782 0.292695 0.067785 0.104509
1 0.592486 0.473444 0.051700 0.075384
1 0.636719 0.831517 0.050551 0.058251
1 0.179458 0.531695 0.045956 0.068531
1 0.369600 0.074253 0.053998 0.068531
1 0.253562 0.146210 0.065487 0.068531
1 0.723460 0.064830 0.051700 0.073671
1 0.603401 0.764700 0.045956 0.058251
1 0.398323 0.643914 0.049403 0.063391
1 0.497128 0.739001 0.044807 0.068531
1 0.129481 0.270422 0.044807 0.083950
1 0.356962 0.499143 0.060892 0.068531
1 0.494256 0.211314 0.041360 0.068531
1 0.450023 0.496573 0.056296 0.070244
1 0.543084 0.647341 0.051700 0.056538
1 0.274242 0.709875 0.049403 0.085663
1 0.746438 0.380928 0.049403 0.058251
