1 0.379366 0.392064 0.068934 0.097656
1 0.676930 0.242153 0.066636 0.095943
1 0.317900 0.853790 0.060892 0.082237
1 0.245519 0.368078 0.063189 0.087377
1 0.271944 0.701309 0.081572 0.113076
1 0.488511 0.876062 0.075827 0.099370
1 0.911880 0.787829 0.074678 0.087377
1 0.773438 0.818668 0.050551 0.077097
1 0.953240 0.912897 0.056296 0.073671
1 0.447725 0.226734 0.060892 0.092516
1 0.729779 0.118798 0.062040 0.082237
1 0.610869 0.920607 0.079274 0.116502
1 0.274242 0.529126 0.067785 0.114789
1 0.668313 0.522272 0.086167 0.107936
1 0.899242 0.518846 0.056296 0.094230
1 0.524701 0.629352 0.063189 0.109649
1 0.576402 0.274705 0.070083 0.109649
1 0.275965 0.254146 0.068934 0.099370
1 0.438534 0.637918 0.065487 0.092516
1 0.697036 0.787829 0.067785 0.073671
1 0.589614 0.475158 0.073529 0.071957
1 0.027803 0.433183 0.050551 0.077097
1 0.074334 0.692743 0.070083 0.102796
1 0.169118 0.903475 0.087316 0.113076
1 0.095014 0.155633 0.040211 0.080524
1 0.287454 0.120511 0.064338 0.068531
1 0.435662 0.515419 0.066636 0.090803
1 0.771714 0.681606 0.065487 0.111362
1 0.809628 0.387781 0.056296 0.085663
1 0.470129 0.427186 0.078125 0.075384
1 0.366728 0.732148 0.062040 0.099370
1 0.485064 0.769840 0.064338 0.075384
1 0.606273 0.686746 0.060892 0.094230
