1 0.616613 0.556538 0.067785 0.104509
1 0.299517 0.086246 0.051700 0.075384
1 0.747013 0.888055 0.050551 0.058251
1 0.474724 0.670470 0.045956 0.068531
1 0.131204 0.502570 0.048254 0.102796
1 0.429343 0.086246 0.065487 0.068531
1 0.578699 0.767270 0.051700 0.073671
1 0.516085 0.605366 0.045956 0.058251
1 0.683249 0.251576 0.049403 0.063391
1 0.891199 0.857216 0.044807 0.068531
1 0.191521 0.634492 0.097656 0.106223
1 0.160501 0.315824 0.060892 0.068531
1 0.556296 0.451172 0.041360 0.068531
1 0.389131 0.635348 0.056296 0.070244
1 0.415556 0.774123 0.051700 0.056538
1 0.266199 0.749280 0.049403 0.085663
1 0.410960 0.523129 0.049403 0.058251
