1 0.264476 0.409197 0.064338 0.073671
1 0.287454 0.147067 0.068934 0.097656
1 0.551700 0.110232 0.066636 0.095943
1 0.766544 0.165913 0.050551 0.059964
1 0.257008 0.731291 0.056296 0.080524
1 0.161650 0.217311 0.044807 0.073671
1 0.355239 0.345806 0.055147 0.063391
1 0.404067 0.160773 0.040211 0.063391
1 0.320772 0.464878 0.050551 0.071957
1 0.566062 0.443462 0.049403 0.053111
1 0.078355 0.417763 0.064338 0.080524
1 0.177734 0.617359 0.060892 0.082237
1 0.350069 0.249006 0.049403 0.061678
1 0.374196 0.561678 0.063189 0.087377
1 0.452321 0.588233 0.081572 0.113076
1 0.463235 0.468305 0.075827 0.099370
1 0.738396 0.404057 0.074678 0.087377
1 0.714844 0.513706 0.050551 0.077097
1 0.663143 0.223307 0.089614 0.082237
1 0.507468 0.261856 0.056296 0.073671
1 0.238626 0.266139 0.063189 0.058251
1 0.742417 0.088816 0.052849 0.077097
1 0.469554 0.165056 0.060892 0.092516
1 0.194393 0.084533 0.062040 0.082237
1 0.271369 0.649911 0.055147 0.061678
1 0.348920 0.692743 0.079274 0.116502
