1 0.325368 0.721012 0.064338 0.073671
1 0.289752 0.145354 0.068934 0.097656
1 0.502298 0.123938 0.066636 0.095943
1 0.629825 0.590803 0.050551 0.059964
1 0.536765 0.638775 0.043658 0.070244
1 0.610294 0.658477 0.055147 0.071957
1 0.463810 0.207031 0.056296 0.080524
1 0.309858 0.362939 0.044807 0.073671
1 0.382812 0.434896 0.055147 0.063391
1 0.410960 0.362939 0.040211 0.063391
1 0.341452 0.521416 0.050551 0.071957
1 0.523552 0.515419 0.049403 0.053111
1 0.241498 0.272135 0.064338 0.080524
1 0.284582 0.595086 0.060892 0.082237
1 0.398323 0.281558 0.049403 0.061678
