1 0.884881 0.469161 0.068934 0.097656
1 0.756204 0.319250 0.066636 0.095943
1 0.267348 0.388638 0.063189 0.087377
1 0.252413 0.858930 0.081572 0.113076
1 0.456916 0.111945 0.060892 0.092516
1 0.719439 0.159916 0.062040 0.082237
1 0.622358 0.876062 0.079274 0.116502
1 0.633847 0.506853 0.086167 0.107936
1 0.547679 0.557394 0.070083 0.109649
1 0.387408 0.231874 0.068934 0.099370
1 0.137523 0.487150 0.070083 0.102796
1 0.266774 0.557394 0.087316 0.113076
1 0.602252 0.697026 0.066636 0.090803
1 0.769416 0.578810 0.065487 0.111362
1 0.354090 0.913754 0.062040 0.099370
