1 0.221967 0.380071 0.064338 0.073671
1 0.311581 0.128221 0.068934 0.097656
1 0.571232 0.101665 0.066636 0.095943
1 0.779182 0.332100 0.050551 0.059964
1 0.483915 0.775836 0.043658 0.070244
1 0.628676 0.641345 0.055147 0.071957
1 0.408663 0.859786 0.056296 0.080524
1 0.107652 0.304688 0.044807 0.073671
1 0.408088 0.434896 0.055147 0.063391
1 0.446576 0.266996 0.040211 0.063391
1 0.320772 0.464878 0.050551 0.071957
1 0.505170 0.503427 0.049403 0.053111
1 0.119715 0.407484 0.064338 0.080524
1 0.157054 0.559108 0.060892 0.082237
1 0.350069 0.249006 0.049403 0.061678
1 0.757353 0.732148 0.066636 0.089090
1 0.578699 0.855503 0.081572 0.095943
1 0.354665 0.589090 0.063189 0.087377
1 0.638442 0.375788 0.081572 0.113076
1 0.634421 0.500857 0.075827 0.099370
1 0.726907 0.441749 0.074678 0.087377
1 0.776884 0.511993 0.050551 0.077097
1 0.787799 0.617359 0.083869 0.082237
1 0.663143 0.223307 0.089614 0.082237
1 0.506319 0.320107 0.056296 0.073671
1 0.267348 0.315824 0.063189 0.058251
1 0.565487 0.729578 0.064338 0.083950
1 0.675781 0.798965 0.066636 0.099370
1 0.701057 0.956586 0.071232 0.068531
1 0.535616 0.583093 0.064338 0.078810
1 0.790671 0.243010 0.052849 0.077097
1 0.469554 0.165056 0.060892 0.092516
1 0.396599 0.094812 0.062040 0.082237
1 0.285156 0.713302 0.055147 0.061678
1 0.320198 0.802392 0.079274 0.116502
