1 0.378217 0.669853 0.066636 0.095943
1 0.793543 0.420333 0.060892 0.092516
1 0.570657 0.476014 0.086167 0.107936
1 0.568934 0.766413 0.087316 0.113076
1 0.389131 0.570244 0.067785 0.083950
1 0.291475 0.232730 0.063189 0.138775
1 0.559743 0.200178 0.085018 0.087377
1 0.792969 0.314110 0.039062 0.071957
1 0.845244 0.377501 0.035616 0.071957
1 0.671186 0.295265 0.045956 0.058251
1 0.699908 0.508566 0.045956 0.063391
1 0.761949 0.603653 0.043658 0.065104
1 0.817096 0.532552 0.039062 0.049685
1 0.661994 0.711589 0.045956 0.065104
1 0.609720 0.576240 0.042509 0.071957
1 0.474150 0.411767 0.047105 0.054825
1 0.540786 0.392921 0.042509 0.047971
1 0.386834 0.204461 0.037914 0.061678
1 0.633847 0.234444 0.047105 0.073671
1 0.900965 0.099095 0.064338 0.073671
1 0.322495 0.452029 0.042509 0.066817
1 0.188649 0.908614 0.043658 0.071957
1 0.235754 0.441749 0.103401 0.128495
1 0.300666 0.581380 0.079274 0.137061
1 0.621783 0.662760 0.032169 0.053111
1 0.663718 0.634492 0.037914 0.065104
1 0.714269 0.603653 0.047105 0.051398
1 0.650506 0.541975 0.050551 0.054825
1 0.758502 0.505996 0.062040 0.089090
1 0.741843 0.326960 0.031020 0.046258
1 0.749311 0.265282 0.045956 0.059964
1 0.522978 0.323533 0.034467 0.046258
1 0.347197 0.259286 0.034467 0.051398
1 0.347771 0.200178 0.033318 0.049685
1 0.470129 0.703022 0.071232 0.092516
1 0.528722 0.610506 0.085018 0.109649
