1 0.406939 0.381785 0.068934 0.097656
1 0.818244 0.308971 0.066636 0.095943
1 0.221392 0.400630 0.063189 0.087377
1 0.242073 0.781833 0.081572 0.113076
1 0.529297 0.211314 0.060892 0.092516
1 0.676930 0.075966 0.062040 0.082237
1 0.622358 0.876062 0.079274 0.116502
1 0.705078 0.508566 0.086167 0.107936
1 0.674058 0.350089 0.070083 0.109649
1 0.301241 0.219881 0.068934 0.099370
1 0.104205 0.444319 0.070083 0.102796
1 0.243796 0.673897 0.087316 0.113076
1 0.588465 0.726151 0.066636 0.090803
1 0.837201 0.611362 0.065487 0.111362
1 0.352941 0.716728 0.062040 0.099370
1 0.434513 0.774979 0.064338 0.075384
