1 0.859605 0.493147 0.068934 0.097656
1 0.756204 0.319250 0.066636 0.095943
1 0.384536 0.945450 0.063189 0.087377
1 0.718865 0.821238 0.081572 0.113076
1 0.459214 0.295265 0.060892 0.092516
1 0.419577 0.694456 0.062040 0.082237
1 0.589040 0.877775 0.079274 0.116502
1 0.366153 0.553111 0.086167 0.107936
1 0.508617 0.550541 0.070083 0.109649
1 0.340303 0.173623 0.068934 0.099370
1 0.634995 0.391208 0.070083 0.102796
1 0.579274 0.151350 0.087316 0.113076
1 0.571232 0.750137 0.066636 0.090803
1 0.748736 0.592516 0.065487 0.111362
1 0.565487 0.302118 0.062040 0.099370
