0 0.05233564013840834 0.29602038183694535 0.09948096885813149 0.16124871001031985
0 0.2480536332179931 0.7894414344685243 0.10596885813148789 0.1547987616099072
0 0.10748269896193777 0.6265802373581012 0.09299307958477508 0.10642414860681108
0 0.786007785467128 0.7418730650154799 0.10488754325259514 0.13706140350877194
0 0.6313797577854672 0.6644736842105263 0.10488754325259514 0.10803663570691444
0 0.9509083044982697 0.32182017543859653 0.08866782006920426 0.1418988648090815
0 0.8714316608996538 0.15573400412796704 0.12002595155709343 0.16124871001031993
0 0.5783953287197231 0.07188467492260069 0.09839965397923879 0.10964912280701754
0 0.6081314878892733 0.3443949948400413 0.10596885813148789 0.12577399380804957
0 0.36267301038062283 0.48468137254901966 0.097318339100346 0.12899896800825592
0 0.18750000000000003 0.13638415892672864 0.09299307958477507 0.12899896800825592
0 0.22804930795847753 0.4403379772961817 0.11353806228373702 0.1402863777089784
