0 0.3972750865051903 0.47097523219814247 0.134083044982699 0.19511093911248703
0 0.7611375432525951 0.2984391124871002 0.13083910034602073 0.2047858617131063
0 0.7941176470588235 0.8184662022703819 0.1340830449826989 0.15157378740970073
0 0.6038062283737023 0.24038957688338497 0.11678200692041518 0.16608617131062947
0 0.9254974048442905 0.49677502579979366 0.10921280276816607 0.15641124871001041
0 0.5675821799307958 0.552405830753354 0.07677335640138414 0.1354489164086687
0 0.6519247404844289 0.6169053147574821 0.07461072664359855 0.10319917440660475
0 0.5449881055363321 0.9195772058823529 0.13539143598615916 0.16029734262125897
0 0.4172794117647059 0.7249419504643964 0.07677335640138405 0.07417440660474714
0 0.3383434256055363 0.8749032507739939 0.1221885813148789 0.16124871001031998
