0 0.6032655709342561 0.28634545923632615 0.10705017301038065 0.14189886480908148
0 0.2383217993079585 0.3621323529411765 0.12759515570934252 0.15157378740970062
0 0.10640138408304502 0.7039796181630547 0.1448961937716263 0.16769865841073264
0 0.19939446366782007 0.9273090815273478 0.13408304498269896 0.13706140350877194
0 0.5167603806228374 0.7265544375644997 0.10272491349480972 0.15479876160990708
0 0.8676470588235294 0.9095717234262125 0.12543252595155704 0.1628611971104232
0 0.9368512110726643 0.12670923632610945 0.11461937716262983 0.1741486068111455
0 0.3475346020761246 0.13074045407636745 0.11029411764705882 0.15963622291021673
0 0.3756487889273356 0.4750064499484005 0.12975778546712805 0.1999484004127967
0 0.398356401384083 0.6894672342621259 0.097318339100346 0.13222394220846237
0 0.36753892733564014 0.9321465428276574 0.11137543252595157 0.12416150670794635
0 0.5670415224913495 0.07914086687306507 0.09731833910034604 0.12416150670794632
0 0.8000648788927335 0.2508707430340558 0.11786332179930793 0.17737358101135192
0 0.6535467128027681 0.9144091847265222 0.11461937716262975 0.1499613003095975
