0 0.7730320069204152 0.3443949948400414 0.10488754325259506 0.17092363261093912
0 0.15884515570934257 0.10252192982456147 0.11570069204152245 0.14834881320949428
0 0.05882352941176474 0.3613261093911249 0.09948096885813149 0.13061145510835914
0 0.3194204152249135 0.729779411764706 0.10380622837370243 0.15157378740970073
0 0.20155709342560554 0.920859133126935 0.10380622837370239 0.1499613003095975
0 0.7427551903114186 0.5709494324045408 0.10921280276816599 0.169311145510836
0 0.5713667820069204 0.18153379772961822 0.08866782006920418 0.12254901960784309
0 0.3632136678200692 0.4500128998968009 0.0681228373702422 0.10803663570691444
0 0.4545847750865052 0.8982843137254902 0.08434256055363325 0.11448658410732711
0 0.29563148788927335 0.32746388028895773 0.07352941176470588 0.11771155830753353
0 0.4021410034602076 0.0468911248710011 0.061634948096885765 0.07578689370485037
0 0.7611375432525951 0.13235294117647067 0.06596020761245677 0.09836171310629514
0 0.5578503460207613 0.41534442724458204 0.0681228373702422 0.0999742002063983
0 0.9244160899653978 0.8708720330237358 0.06379757785467127 0.10158668730650153
0 0.6211072664359862 0.9136029411764707 0.08001730103806232 0.10319917440660475
0 0.8698096885813149 0.64109262125903 0.0583910034602075 0.12254901960784312
0 0.5935337370242215 0.6797923116615068 0.0681228373702422 0.10964912280701754
0 0.22534602076124569 0.5862680598555212 0.07352941176470588 0.10964912280701754
