0 0.5902897923875432 0.24361455108359137 0.13948961937716267 0.18543601651186786
0 0.7973615916955018 0.27747678018575855 0.11894463667820068 0.13706140350877194
0 0.9519896193771625 0.35648864809081526 0.08650519031141875 0.13706140350877194
0 0.9292820069204152 0.7128482972136224 0.11029411764705882 0.15963622291021676
0 0.10748269896193774 0.7241357069143448 0.1384083044982699 0.16931114551083587
0 0.10423875432525954 0.13719040247678024 0.14273356401384082 0.21123581011351908
0 0.37240484429065746 0.6676986584107327 0.08001730103806227 0.130611455108359
0 0.5021626297577855 0.5999742002063985 0.08001730103806232 0.13383642930856549
0 0.6427335640138407 0.49032507739938086 0.07136678200692045 0.1273864809081528
0 0.5448745674740484 0.7870227038183696 0.07461072664359863 0.130611455108359
0 0.2767084775086505 0.45646284829721373 0.0832612456747405 0.13706140350877194
