0 0.8022275086505191 0.4040570175438597 0.11137543252595157 0.14189886480908148
0 0.27616782006920415 0.9144091847265222 0.11894463667820068 0.1628611971104231
0 0.1572231833910035 0.3492324561403509 0.11245674740484427 0.12577399380804946
0 0.640030276816609 0.3468137254901961 0.10272491349480972 0.14028637770897828
0 0.838992214532872 0.8313660990712075 0.07461072664359863 0.10319917440660463
0 0.41403546712802763 0.4274380804953561 0.12435121107266436 0.17898606811145512
0 0.5967776816608996 0.9208591331269349 0.12435121107266436 0.1564112487100103
0 0.5773140138408305 0.5644994840041279 0.0832612456747405 0.10481166150670798
0 0.359969723183391 0.05575980392156869 0.07677335640138405 0.09997420020639833
0 0.3778114186851211 0.8216911764705882 0.06055363321799309 0.09674922600619197
0 0.8222318339100346 0.6789860681114551 0.07569204152249139 0.10803663570691431
