0 0.33942474048442905 0.606424148606811 0.13732698961937714 0.19833591331269348
0 0.5194636678200693 0.26135190918472656 0.12543252595155713 0.1789860681114551
0 0.32698961937716264 0.14283410732714144 0.11678200692041522 0.15157378740970073
0 0.8725129757785466 0.3992195562435501 0.11786332179930793 0.15157378740970073
0 0.7503243944636677 0.924890350877193 0.09407439446366778 0.12254901960784312
0 0.9125216262975778 0.7991163570691434 0.08542387543252583 0.14512383900928794
0 0.6930147058823529 0.46291279669762647 0.10272491349480964 0.16608617131062955
0 0.554606401384083 0.09526573787409708 0.10488754325259514 0.11448658410732714
0 0.0334126297577855 0.17024638802889583 0.06379757785467129 0.11932404540763673
0 0.5037846020761245 0.7225232198142415 0.085423875432526 0.10481166150670786
