0 0.5913711072664359 0.2669956140350877 0.13516435986159164 0.19027347781217743
0 0.7930363321799307 0.3202076883384934 0.08434256055363325 0.13544891640866874
0 0.7546496539792387 0.15573400412796704 0.08758650519031135 0.12899896800825592
0 0.4394463667820069 0.06059726522187829 0.08650519031141875 0.10964912280701751
0 0.18155276816608998 0.27102683178534576 0.09407439446366778 0.13383642930856554
0 0.5994809688581315 0.5048374613003096 0.09299307958477511 0.15963622291021676
0 0.2837370242214533 0.5266060371517028 0.10164359861591696 0.12577399380804946
0 0.35510380622837373 0.7563854489164087 0.09083044982698964 0.11771155830753344
0 0.06909602076124571 0.8539409184726522 0.08974913494809689 0.12899896800825592
0 0.2188581314878893 0.9079592363261094 0.08650519031141869 0.11126160990712078
