0 0.23994377162629757 0.09526573787409708 0.1178633217993079 0.1757610939112487
0 0.1972318339100346 0.32504514963880293 0.13840830449826988 0.1870485036119711
0 0.12802768166089967 0.54031217750258 0.11029411764705882 0.1628611971104232
0 0.33131487889273353 0.4967750257997936 0.10380622837370239 0.15963622291021676
0 0.5216262975778546 0.5935242518059857 0.09731833910034604 0.15318627450980396
0 0.688689446366782 0.5072561919504645 0.12218858131487895 0.21929824561403508
0 0.846561418685121 0.5314434984520124 0.12435121107266428 0.18059855521155835
0 0.40808823529411764 0.8515221878224974 0.12543252595155707 0.15318627450980396
0 0.6038062283737023 0.06301599587203309 0.10164359861591696 0.11771155830753355
0 0.9476643598615917 0.08881578947368428 0.09515570934256061 0.1467363261093911
