0 0.0447664359861592 0.2258771929824562 0.08217993079584775 0.14673632610939114
0 0.2858996539792388 0.22507094943240463 0.08866782006920414 0.14834881320949433
0 0.6751730103806228 0.6781798245614035 0.10596885813148789 0.15157378740970062
0 0.8341262975778547 0.6015866873065017 0.11461937716262967 0.1564112487100103
0 0.8227724913494809 0.7749290505675954 0.10921280276816607 0.11932404540763666
0 0.41295415224913495 0.3847071723426213 0.09191176470588236 0.1354489164086687
0 0.34375 0.6306114551083593 0.08109861591695498 0.11126160990712065
0 0.06693339100346024 0.5499871001031992 0.10056228373702424 0.15318627450980396
0 0.4399870242214533 0.9345652734778123 0.07893598615916948 0.11932404540763666
0 0.5464965397923875 0.9265028379772962 0.08434256055363316 0.12577399380804957
0 0.6995025951557093 0.8708720330237358 0.08974913494809685 0.13383642930856549
0 0.9357698961937715 0.1815337977296182 0.11894463667820068 0.1773735810113519
