2 0.590944 0.279620 0.053212 0.073580
2 0.442434 0.301622 0.051277 0.084401
2 0.832334 0.293687 0.049342 0.074302
2 0.378338 0.176824 0.052728 0.090172
2 0.519350 0.152297 0.055147 0.081515
2 0.840315 0.519477 0.052728 0.087286
2 0.831366 0.159150 0.051277 0.072138
2 0.436871 0.607846 0.048858 0.082237
2 0.373259 0.507214 0.046440 0.078630
2 0.653831 0.268078 0.048375 0.075023
2 0.906589 0.289719 0.063371 0.099550
2 0.834825 0.619027 0.052390 0.093057
2 0.296101 0.170331 0.053696 0.090172
2 0.714058 0.400089 0.065306 0.082237
2 0.294408 0.294769 0.073529 0.086565
2 0.707769 0.153379 0.051761 0.093779
2 0.445095 0.161314 0.067241 0.095222
2 0.434694 0.505771 0.051277 0.080073
2 0.642221 0.168167 0.056115 0.093057
2 0.303599 0.400089 0.057082 0.085122