2 0.690112 0.226599 0.059985 0.087286
2 0.385836 0.223713 0.051277 0.084401
2 0.279170 0.232370 0.052728 0.090172
2 0.503870 0.219385 0.055147 0.081515
2 0.878048 0.229845 0.061436 0.085122
2 0.075029 0.842293 0.048858 0.082237
2 0.149768 0.448782 0.046440 0.078630
2 0.600135 0.227681 0.058050 0.090893
2 0.148075 0.222992 0.053696 0.090172
2 0.062210 0.437601 0.073529 0.086565
2 0.786136 0.221910 0.051761 0.093779
2 0.159201 0.837243 0.067241 0.095222
2 0.063177 0.656539 0.051277 0.080073
2 0.058098 0.230927 0.061436 0.103157
2 0.173471 0.659063 0.057082 0.085122