2 0.558050 0.296211 0.053212 0.073580
2 0.415828 0.290080 0.051277 0.084401
2 0.828464 0.304507 0.049342 0.074302
2 0.328996 0.142198 0.052728 0.090172
2 0.558050 0.146526 0.055147 0.081515
2 0.835962 0.444454 0.052728 0.087286
2 0.834752 0.146165 0.051277 0.072138
2 0.430582 0.600632 0.048858 0.082237
2 0.353425 0.444454 0.046440 0.078630
2 0.625290 0.281784 0.048375 0.075023
2 0.894011 0.295490 0.063371 0.099550
2 0.840630 0.599550 0.052390 0.093057
2 0.255466 0.130656 0.053696 0.090172
2 0.694224 0.439765 0.065306 0.082237
2 0.273607 0.293326 0.073529 0.086565
2 0.707769 0.147608 0.051761 0.093779
2 0.482827 0.291162 0.067241 0.095222
2 0.417279 0.449504 0.051277 0.080073
2 0.635933 0.145083 0.056115 0.093057
2 0.260546 0.444093 0.057082 0.085122