2 0.724458 0.298375 0.053212 0.073580
2 0.472426 0.439044 0.079334 0.112535
2 0.486939 0.794321 0.049342 0.074302
2 0.414861 0.708117 0.063854 0.096664
2 0.529509 0.167446 0.055147 0.081515
2 0.804760 0.604960 0.049342 0.070695
2 0.539667 0.716052 0.051277 0.072138
2 0.940451 0.622273 0.048858 0.082237
2 0.331656 0.581515 0.046440 0.078630
2 0.686726 0.604239 0.048375 0.075023
2 0.868615 0.308835 0.069659 0.077187
2 0.612713 0.453111 0.071594 0.110370
2 0.546440 0.598107 0.044505 0.081515
2 0.258369 0.701625 0.065306 0.082237
2 0.257643 0.804060 0.073529 0.086565
2 0.410023 0.588729 0.051277 0.071416
2 0.951819 0.441569 0.085139 0.101714
2 0.679954 0.740940 0.051277 0.080073
2 0.798471 0.453111 0.056115 0.093057
2 0.342541 0.288998 0.072078 0.105321