2 0.627225 0.293326 0.053212 0.073580
2 0.500000 0.301622 0.066757 0.094500
2 0.484036 0.753924 0.049342 0.074302
2 0.410507 0.752121 0.063854 0.096664
2 0.505805 0.166003 0.055147 0.081515
2 0.764851 0.629848 0.052728 0.087286
2 0.556598 0.747071 0.051277 0.072138
2 0.713090 0.437601 0.048858 0.082237
2 0.344234 0.613256 0.046440 0.078630
2 0.642221 0.441929 0.048375 0.075023
2 0.897397 0.279620 0.063371 0.099550
2 0.560468 0.463210 0.071594 0.110370
2 0.575223 0.594500 0.053696 0.090172
2 0.243373 0.627323 0.065306 0.082237
2 0.250387 0.750678 0.073529 0.086565
2 0.417038 0.611453 0.051761 0.093779
2 0.252806 0.444454 0.085139 0.101714
2 0.635933 0.749596 0.051277 0.080073
2 0.712365 0.273488 0.056115 0.093057
2 0.343508 0.304868 0.072078 0.105321