1 0.426471 0.458882 0.068934 0.097656
1 0.576976 0.204461 0.066636 0.095943
1 0.441981 0.664474 0.063189 0.087377
1 0.796990 0.427186 0.060892 0.092516
1 0.397748 0.757847 0.062040 0.082237
1 0.646484 0.112802 0.086167 0.107936
1 0.481043 0.536835 0.070083 0.109649
1 0.240349 0.624212 0.068934 0.099370
1 0.595358 0.764700 0.087316 0.113076
1 0.674632 0.621642 0.066636 0.090803
1 0.546530 0.448602 0.065487 0.111362
1 0.101333 0.566817 0.048254 0.073671
1 0.358111 0.599370 0.081572 0.066817
1 0.483915 0.716728 0.045956 0.075384
1 0.422449 0.085389 0.067785 0.083950
1 0.174288 0.572814 0.067785 0.068531
1 0.316176 0.758703 0.059743 0.104509
1 0.335708 0.346663 0.045956 0.113076
1 0.216222 0.225021 0.062040 0.150768
