1 0.374770 0.854886 0.066636 0.095943
1 0.751034 0.423760 0.060892 0.092516
1 0.570657 0.476014 0.086167 0.107936
1 0.622932 0.829804 0.087316 0.113076
1 0.288028 0.631922 0.067785 0.083950
1 0.294922 0.359512 0.063189 0.138775
1 0.485064 0.169339 0.085018 0.087377
1 0.747587 0.656764 0.072381 0.082237
1 0.200138 0.667900 0.103401 0.128495
1 0.302964 0.752707 0.079274 0.137061
1 0.747013 0.516276 0.062040 0.089090
1 0.497702 0.727008 0.071232 0.092516
1 0.738971 0.821238 0.085018 0.109649
1 0.639017 0.189899 0.078125 0.094230
1 0.476448 0.370648 0.058594 0.099370
1 0.441406 0.585663 0.059743 0.107936
1 0.569508 0.670470 0.065487 0.109649
1 0.644187 0.602796 0.086167 0.087377
1 0.375919 0.134217 0.073529 0.068531
1 0.701631 0.063973 0.079274 0.099370
1 0.688419 0.344093 0.057445 0.087377
1 0.661420 0.420333 0.079274 0.082237
1 0.428768 0.793825 0.091912 0.116502
