1 0.637293 0.556538 0.067785 0.104509
1 0.267348 0.298691 0.051700 0.075384
1 0.612592 0.855503 0.050551 0.058251
1 0.235754 0.903475 0.045956 0.068531
1 0.418428 0.199322 0.048254 0.102796
1 0.347771 0.197608 0.065487 0.068531
1 0.613166 0.734718 0.051700 0.073671
1 0.535616 0.560821 0.045956 0.058251
1 0.333984 0.921464 0.049403 0.063391
1 0.713120 0.809245 0.044807 0.068531
1 0.128332 0.584807 0.097656 0.106223
1 0.175437 0.105092 0.060892 0.068531
1 0.500000 0.423760 0.041360 0.068531
1 0.438534 0.592516 0.056296 0.070244
1 0.487937 0.854646 0.051700 0.056538
1 0.285731 0.862356 0.049403 0.085663
1 0.291475 0.425473 0.049403 0.058251
