1 0.643038 0.308114 0.067785 0.104509
1 0.526999 0.458025 0.051700 0.075384
1 0.498851 0.821238 0.050551 0.058251
1 0.707950 0.482011 0.041360 0.068531
1 0.294347 0.605366 0.045956 0.068531
1 0.473001 0.142784 0.053998 0.068531
1 0.251264 0.216454 0.065487 0.068531
1 0.813649 0.317537 0.045956 0.058251
1 0.548828 0.332100 0.051700 0.073671
1 0.691866 0.797252 0.045956 0.058251
1 0.427045 0.661047 0.049403 0.063391
1 0.506319 0.721868 0.044807 0.068531
1 0.140970 0.398917 0.044807 0.083950
1 0.284582 0.356942 0.060892 0.068531
1 0.530446 0.149637 0.031020 0.061678
1 0.397748 0.250720 0.041360 0.068531
1 0.436236 0.547971 0.056296 0.070244
1 0.753332 0.707305 0.051700 0.056538
1 0.358111 0.814385 0.049403 0.085663
1 0.879710 0.519703 0.049403 0.058251
