1 0.739545 0.430613 0.060892 0.092516
1 0.956916 0.201891 0.086167 0.107936
1 0.639017 0.857216 0.087316 0.113076
1 0.386834 0.715872 0.067785 0.083950
1 0.358111 0.357799 0.063189 0.138775
1 0.852137 0.435752 0.072381 0.082237
1 0.340303 0.607936 0.103401 0.128495
1 0.419003 0.852076 0.079274 0.137061
1 0.747013 0.531695 0.062040 0.089090
1 0.465533 0.708162 0.071232 0.092516
1 0.767693 0.716728 0.085018 0.109649
1 0.358686 0.486294 0.078125 0.094230
1 0.487937 0.382641 0.058594 0.099370
1 0.619485 0.686746 0.059743 0.107936
1 0.545381 0.701309 0.065487 0.109649
1 0.774012 0.278132 0.079274 0.099370
1 0.642463 0.412623 0.057445 0.087377
1 0.532169 0.864069 0.091912 0.116502
