1 0.563189 0.332100 0.068934 0.097656
1 0.737822 0.218167 0.066636 0.095943
1 0.328240 0.804105 0.060892 0.082237
1 0.327091 0.392064 0.063189 0.087377
1 0.680951 0.617359 0.081572 0.113076
1 0.486213 0.622499 0.075827 0.099370
1 0.860179 0.743284 0.074678 0.087377
1 0.783778 0.320107 0.050551 0.077097
1 0.810777 0.638775 0.056296 0.073671
1 0.452321 0.139357 0.060892 0.092516
1 0.606847 0.166769 0.062040 0.082237
1 0.648782 0.802392 0.079274 0.116502
1 0.441981 0.453742 0.067785 0.114789
1 0.661420 0.376645 0.086167 0.107936
1 0.864775 0.488007 0.056296 0.094230
1 0.592486 0.488864 0.063189 0.109649
