2 0.524671 0.348150 0.053212 0.073580
2 0.384385 0.334805 0.051277 0.084401
2 0.734617 0.335526 0.049342 0.074302
2 0.326093 0.211450 0.052728 0.090172
2 0.462752 0.209286 0.055147 0.081515
2 0.860149 0.469702 0.052728 0.087286
2 0.850716 0.217581 0.051277 0.072138
2 0.406395 0.598468 0.048858 0.082237
2 0.344234 0.740218 0.046440 0.078630
2 0.652864 0.352479 0.048375 0.075023
2 0.731956 0.596304 0.063371 0.099550
2 0.851756 0.598828 0.052390 0.093057
2 0.223539 0.207121 0.053696 0.090172
2 0.732924 0.450586 0.065306 0.082237
2 0.163796 0.330837 0.073529 0.086565
2 0.777428 0.203154 0.051761 0.093779
2 0.532653 0.612895 0.067241 0.095222
2 0.462268 0.491343 0.051277 0.080073
2 0.646091 0.217221 0.056115 0.093057
2 0.232005 0.503246 0.057082 0.085122