2 0.666892 0.194497 0.053212 0.073580
2 0.368421 0.383858 0.051277 0.084401
2 0.677535 0.378087 0.049342 0.074302
2 0.267076 0.196301 0.052728 0.090172
2 0.458398 0.187644 0.055147 0.081515
2 0.865954 0.388187 0.052728 0.087286
2 0.853135 0.199547 0.051277 0.072138
2 0.476538 0.604960 0.048858 0.082237
2 0.272156 0.613256 0.046440 0.078630
2 0.572562 0.369070 0.048375 0.075023
2 0.686484 0.605682 0.063371 0.099550
2 0.788869 0.612535 0.052390 0.093057
2 0.149042 0.178988 0.053696 0.090172
2 0.790006 0.387105 0.065306 0.082237
2 0.150735 0.369792 0.073529 0.086565
2 0.765335 0.194497 0.051761 0.093779
2 0.580544 0.593418 0.067241 0.095222
2 0.472910 0.386023 0.051277 0.080073
2 0.568208 0.199186 0.056115 0.093057
2 0.277477 0.394318 0.057082 0.085122