2 0.551277 0.322902 0.053212 0.073580
2 0.418731 0.314606 0.051277 0.084401
2 0.766544 0.313885 0.049342 0.074302
2 0.347378 0.189087 0.052728 0.090172
2 0.541602 0.187644 0.055147 0.081515
2 0.837413 0.447340 0.052728 0.087286
2 0.834269 0.192333 0.051277 0.072138
2 0.445095 0.602796 0.048858 0.082237
2 0.307469 0.450225 0.046440 0.078630
2 0.615615 0.318574 0.048375 0.075023
2 0.705350 0.590533 0.063371 0.099550
2 0.850789 0.587286 0.052390 0.093057
2 0.211929 0.186923 0.053696 0.090172
2 0.700997 0.453471 0.065306 0.082237
2 0.294408 0.322181 0.073529 0.086565
2 0.769688 0.183677 0.051761 0.093779
2 0.554905 0.573220 0.067241 0.095222
2 0.371807 0.461767 0.051277 0.080073
2 0.620453 0.178988 0.056115 0.093057
2 0.219427 0.445536 0.057082 0.085122